AR.p <-
structure(c(0.57371176230196808, 0.58588140574473713, 0.59805104918750618, 
0.61022069263027523, 0.62239033607304428, 0.63455997951581322, 
0.64672962295858227, 0.65889926640135132, 0.67106890984412038, 
0.68323855328688943, 0.69540819672965848, 0.70757784017242753, 
0.71974748361519658, 0.73191712705796563, 0.74408677050073457, 
0.75625641394350362, 0.76842605738627268, 0.78059570082904173, 
0.79276534427181078, 0.80493498771457983, 0.81710463115734888, 
0.82927427460011782, 0.84144391804288698, 0.85361356148565593, 
0.86578320492842509, 0.87795284837119403, 0.89012249181396308, 
0.90229213525673213, 0.91446177869950118, 0.92663142214227023, 
0.93880106558503917, 0.95097070902780834, 0.96314035247057728, 
0.97530999591334644, 0.98747963935611538, 0.99964928279888443, 
1.0118189262416535, 1.0239885696844224, 1.0361582131271916, 1.0483278565699605, 
1.0604975000127297, 1.0726671434554986, 1.0848367868982676, 1.0970064303410367, 
1.1091760737838059, 1.1213457172265748, 1.1335153606693438, 1.1456850041121129, 
1.1578546475548821, 1.170024290997651, 1.18219393444042, 1.1943635778831889, 
1.2065332213259581, 1.2187028647687272, 1.2308725082114962, 1.2430421516542651, 
1.2552117950970343, 1.2673814385398035, 1.2795510819825724, 1.2917207254253413, 
1.3038903688681103, 1.3160600123108794, 1.3282296557536486, 1.3403992991964175, 
1.3525689426391865, 1.3647385860819556, 1.3769082295247248, 1.3890778729674937, 
1.4012475164102627, 1.4134171598530316, 1.4255868032958008, 1.4377564467385699, 
1.4499260901813389, 1.4620957336241078, 1.474265377066877, 1.4864350205096462, 
1.4986046639524151, 1.510774307395184, 1.522943950837953, 1.5351135942807221, 
1.5472832377234913, 1.5594528811662602, 1.5716225246090292, 1.5837921680517983, 
1.5959618114945673, 1.6081314549373364, 1.6203010983801054, 1.6324707418228745, 
1.6446403852656435, 1.6568100287084127, 1.6689796721511816, 1.6811493155939508, 
1.6933189590367197, 1.7054886024794886, 1.7176582459222578, 1.7298278893650267, 
1.7419975328077959, 1.7541671762505648, 1.766336819693334, 1.7785064631361029, 
0.00014364526672054829, 0.00051369204125196967, 0.00068560144522539028, 
0.0007682309458383219, 0.000870438010288278, 0.0011009103810220248, 
0.0015535485315779005, 0.0022962001862552755, 0.0033940611201231704, 
0.004912327108250604, 0.006922982915736297, 0.009612047124584043, 
0.013260159865336544, 0.018150825373705284, 0.024567547885401667, 
0.03282848595998096, 0.043465660257385234, 0.057092593273263034, 
0.074322967939947304, 0.095770599352230465, 0.12211644113431082, 
0.15421761946884668, 0.19295980762974119, 0.239228678890895, 
0.29390526961085939, 0.35771742620394043, 0.43120837715837212, 
0.51491035975562482, 0.60935561127716897, 0.71499439239157547, 
0.83147162552228326, 0.95797513149920532, 1.0936874846490205, 
1.2377912592984184, 1.3891914164120855, 1.5456824635067543, 1.7047812947371599, 
1.8640048042580377, 2.0208683126115679, 2.1727500393455395, 2.3167866544796358, 
2.450090240337262, 2.5697728792418308, 2.6729976897249537, 2.7577850391278051, 
2.8228666119433186, 2.8669956235647613, 2.8889252893854009, 2.8876719245108324, 
2.8638755103269182, 2.8187947997651857, 2.7536897638113866, 2.6698210543540193, 
2.5687952218782542, 2.4531264602341425, 2.3254760382655899, 2.1885052248165024, 
2.0448697504357711, 1.8970423768146578, 1.7472753594538852, 1.597807826043766, 
1.4508789042746106, 1.3086449237109468, 1.1724488051295654, 1.0431717869578603, 
0.92168980854317528, 0.80887880923285949, 0.70542882668851592, 
0.61128629182876626, 0.52621173388648956, 0.44996568209456372, 
0.3823070744804431, 0.32285621529881148, 0.27098915877140722, 
0.22605709653518255, 0.18741122022709159, 0.15440537913578539, 
0.12643806279327055, 0.10294480175208863, 0.083362247761590735, 
0.067127052571128762, 0.053700015365526994, 0.042690956308706805, 
0.03376648675542359, 0.026593329854115961, 0.020838293819012421, 
0.016211400285914383, 0.012536063589355202, 0.0096540722746158766, 
0.0074072148869771511, 0.0056387562775562713, 0.0042407340680622003, 
0.0031639647236863804, 0.002362764101232151, 0.0017914480575028674, 
0.0014029654994534885, 0.0011368364187279904, 0.0009249586946155448, 
0.00069914272161500596, 0.00039119889422524555, 0.19746610126774522, 
0.21023158660222577, 0.22299707193670629, 0.23576255727118683, 
0.24852804260566735, 0.26129352794014793, 0.27405901327462845, 
0.28682449860910897, 0.29958998394358949, 0.31235546927807006, 
0.32512095461255058, 0.33788643994703116, 0.35065192528151168, 
0.3634174106159922, 0.37618289595047272, 0.38894838128495324, 
0.40171386661943381, 0.41447935195391439, 0.42724483728839491, 
0.44001032262287543, 0.45277580795735595, 0.46554129329183652, 
0.47830677862631704, 0.49107226396079756, 0.50383774929527814, 
0.51660323462975866, 0.52936871996423918, 0.5421342052987197, 
0.55489969063320022, 0.56766517596768074, 0.58043066130216125, 
0.59319614663664189, 0.60596163197112241, 0.61872711730560292, 
0.63149260264008356, 0.64425808797456408, 0.6570235733090446, 
0.66978905864352511, 0.68255454397800563, 0.69532002931248615, 
0.70808551464696667, 0.72085099998144719, 0.73361648531592782, 
0.74638197065040834, 0.75914745598488886, 0.77191294131936938, 
0.7846784266538499, 0.79744391198833042, 0.81020939732281105, 
0.82297488265729157, 0.83574036799177209, 0.84850585332625261, 
0.86127133866073313, 0.87403682399521365, 0.88680230932969417, 
0.8995677946641748, 0.91233327999865532, 0.92509876533313584, 
0.93786425066761636, 0.95062973600209688, 0.9633952213365774, 
0.97616070667105803, 0.98892619200553855, 1.0016916773400191, 
1.0144571626744996, 1.0272226480089801, 1.0399881333434606, 1.0527536186779411, 
1.0655191040124219, 1.0782845893469024, 1.0910500746813829, 1.1038155600158635, 
1.116581045350344, 1.1293465306848245, 1.142112016019305, 1.1548775013537855, 
1.167642986688266, 1.1804084720227466, 1.1931739573572271, 1.2059394426917076, 
1.2187049280261881, 1.2314704133606686, 1.2442358986951492, 1.2570013840296297, 
1.2697668693641104, 1.2825323546985909, 1.2952978400330715, 1.308063325367552, 
1.3208288107020325, 1.333594296036513, 1.3463597813709935, 1.3591252667054741, 
1.3718907520399546, 1.3846562373744351, 1.3974217227089156, 1.4101872080433961, 
1.4229526933778769, 1.4357181787123574, 1.4484836640468379, 1.4612491493813184, 
0.00039051028160440966, 0.00063763697530053295, 0.00089717444184433275, 
0.0012531304354421835, 0.0017869631373697698, 0.0025666009213438745, 
0.0036555013920654537, 0.0051263061154753634, 0.007116892439697659, 
0.0097933671061977874, 0.013330125056936181, 0.017980651395427864, 
0.02404278157065071, 0.031822119925740605, 0.041723091343322027, 
0.054221339044142385, 0.069798195841383484, 0.089017120445215786, 
0.11251726630538049, 0.1409413066144328, 0.17495367265535491, 
0.21524441160471322, 0.26250374385042446, 0.31734964969458307, 
0.38029120543812667, 0.45182713847438816, 0.53229519043262374, 
0.62172044463995557, 0.7200915655865735, 0.82719805269324642, 
0.94232647118843338, 1.0646851881356221, 1.1933155369181476, 
1.3267045332001992, 1.4632243548642376, 1.6011607862575525, 1.7384200526302811, 
1.8728041739726093, 2.002112935583058, 2.1241330898775495, 2.2366466719280806, 
2.3374850740307238, 2.4248673098714915, 2.4971954638631879, 2.5529318574063939, 
2.591176965941278, 2.6114206282021648, 2.6132001519341275, 2.5966957878667261, 
2.56259092788348, 2.511601654240049, 2.4448871452398273, 2.3640496752339439, 
2.2707153122214501, 2.1666798426963179, 2.053955929301063, 1.9345696793870042, 
1.8104985930356257, 1.6836405045610934, 1.5558849644303185, 1.4289695988157747, 
1.3043103598178121, 1.1832820211944539, 1.0671049117928959, 0.95657266645153172, 
0.85240584861688218, 0.75521822906191127, 0.66523459502096804, 
0.58259119504424062, 0.50736966687685436, 0.43938804393049347, 
0.37838492718956207, 0.32407976437694658, 0.27606886884379045, 
0.2338997919638825, 0.19711794209704386, 0.16525113323216264, 
